100000000|200000000: 1030552
100000000|101000000|110000000|111110000|241000000|241111000|301000000|302110000|302111110|310000000: 12288
242320000: 8640
233131000: 49152
100000000|110000000|111100000|112111000|142111000|200000000|241000000|310000000|311000000|311110000: 12288
323211100: 147456
311124100: 24576
311113210: 196608
100000000|110000000|111110000|131110000|131111110|200000000|310000000: 32768
100000000|101000000|110000000|310000000|311101000|311112100: 24576
100000000|101000000|110000000|111100000|141100000|200000000|232000000|233110000|301000000|310000000|311000000: 768
110000000|200000000|222200000|222220000|311000000|332000000: 11520
100000000|101000000|110000000|111100000|112111000|301000000|301111000|412000000|412111000: 362496
100000000|101000000|110000000|111110000|114110000|131110000|134110000|200000000|301000000|310000000|311000000|331000000: 92800
100000000|101000000|111100000|301000000|301111000|301111030: 32768
100000000|110000000|111100000|200000000|222200000|311000000: 191232
110000000|200000000|311000000|332000000: 160944
100000000|101000000|110000000|111110000|131110000|200000000|301000000|310000000|311000000|311101030|311111000|311131000: 65536
100000000|101000000|110000000|111100000|200000000|233110000|243100000|311000000: 1152
331112110: 196608
322222000: 248832
100000000|110000000|200000000|224110000|311000000|311122000|322000000: 4608
100000000|101000000|110000000|111100000|111111100|114111100|301000000|311110000: 27648
100000000|101000000|110000000|200000000|241000000|310000000|311000000: 2336
242221000: 31104
100000000|101000000|110000000|111100000|111110000|114110000|141100000|200000000|301000000|310000000|311000000|311110000|313000000|314110000: 59008
100000000|101000000|110000000|200000000|301000000|310000000|322000000|331000000|332000000: 6784
100000000|101000000|110000000|200000000|301000000|302110000|311000000: 593408
100000000|110000000|111100000|200000000|223111000: 62208
100000000|101000000|110000000|111110000|200000000|301000000|302110000|311000000|311111000|412000000|413110000: 12288
100000000|101000000|110000000|200000000|232000000|301000000: 244224
100000000|101000000|110000000|111100000|200000000|232000000|233110000|301000000|301111000|311000000: 36864
110000000|200000000|332000000: 1947264
301142110: 12288
100000000|110000000|111110000|114110000|200000000|311000000|311111000: 36864
100000000|101000000|110000000|200000000|232000000|243100000: 116736
100000000|101000000|110000000|111100000|111110000|112111000|301111000|301112110|302110000|302111110: 165888
233101111: 196608
100000000|101000000|110000000|111110000|131110000|200000000|232000000|310000000|311000000|311111000|313000000|313111000: 6144
100000000|101000000|110000000|141100000|141211000|301000000|301111000|301112110|302110000|310000000: 12288
100000000|101000000|110000000|301000000|311101000: 24576
100000000|101000000|110000000|232120000|241000000|310000000: 1728
100000000|101000000|110000000|301000000|302110000|312100000|313210000: 835872
100000000|101000000|110000000|200000000|301000000|311000000|412000000: 130304
100000000|110000000|111100000|200000000|223111000|322000000: 78336
100000000|101000000|110000000|111110000|131110000|200000000|301000000|310000000|311000000|311111000|313000000|313111000|331000000: 65536
100000000|101000000|110000000|200000000|310000000|311000000|311101000|311111000|311131000|313000000|313111000: 98304
100000000|101000000|110000000|111100000|200000000|233110000: 1728
233410000: 3072
100000000|101000000|110000000|111100000|131110000|141100000|142210000|200000000|301000000|310000000|312100000: 288
100000000|110000000|111100000|200000000|222200000|310000000|311000000|311110000: 3456
100000000|101000000|110000000|111110000|214111000|301000000: 31104
100000000|110000000|111100000|111110000|112111000|200000000|233111000|311000000|332000000|333110000: 36864
100000000|110000000|200000000|322000000: 3990528
100000000|101000000|110000000|111100000|111110000|301000000|301111000|310000000|311101000|311110000|312100000|312211000: 147456
100000000|101000000|110000000|111100000|112111000|200000000|311000000: 1253376
100000000|101000000|110000000|111100000|112111000|141100000|141211000|200000000|301000000|302110000|310000000: 2304
311111212: 1179648
100000000|101000000|110000000|141100000|301000000|301030000|301111000|301111030|301141000|310000000: 4096
100000000|101000000|110000000|111100000|111111100: 6715392
332311000: 24576
100000000|110000000|111100000|111110000|112111000|200000000|311000000|311111000: 221184
100000000|101000000|111100000|301000000|301111000: 1122304
100000000|101000000|110000000|111100000|301000000|301111000: 1122432
100000000|101000000|110000000|111100000|131110000|141100000|142210000|301000000|310000000|312100000: 87552
333310000: 6144
100000000|101000000|110000000|111100000|111110000|200000000|232120000|311110000|321100000|332000000: 13824
324310000: 3072
100000000|101000000|110000000|111110000|131110000|200000000|311000000|311101000|311111000|311131000: 82944
100000000|101000000|110000000|111100000|111110000|112111000|301111000|301112110: 73728
100000000|101000000|110000000|200000000|301000000|310000000|311000000|322000000|331000000: 6656
100000000|101000000|110000000|111110000|114110000|141100000|200000000|301000000|310000000|311000000|311110000|311111000|311113000|313000000|314110000: 4096
100000000|101000000|110000000|200000000|311000000: 1844640
100000000|110000000|111100000|112111000|200000000|311000000: 2002944
100000000|101000000|110000000|111100000|112111000|200000000|301000000|301111000|301112110: 12288
242111110: 73728
100000000|101000000|110000000|111110000|112311100|131110000|301000000|310000000|321100000|412000000: 12288
100000000|101000000|110000000|111100000|200000000|301111000|311000000|311110000|331111000: 27648
100000000|101000000|110000000|310000000|311101000|311212000|321100000: 221184
100000000|101000000|110000000|111100000|301000000|301111000|310000000|311110000|321100000: 27648
100000000|101000000|110000000|111110000|131110000|301000000|310000000|312100000|312111100: 24576
100000000|101000000|110000000|111110000|131110000|200000000|241000000|242110000|310000000|311000000: 864
100000000|110000000|111100000|200000000: 12288
100000000|101000000|110000000|114110000|134110000|200000000|301000000|310000000|311000000|311101000|311111000|311131000|331000000: 6144
311213110: 196608
110000000|200000000|311000000: 29897152
100000000|101000000|110000000|301000000|311101000|311112100|312100000: 24576
100000000|110000000|111100000|111110000|111111100|112111000|311110000|311111110: 884736
100000000|101000000|110000000|111100000|200000000|222200000|301000000|310000000|311000000|322000000|331000000|332000000: 128
100000000|110000000|200000000|311000000: 6964736
100000000|101000000|111100000|200000000|301000000|301111000: 116736
233121100: 147456
100000000|110000000|111110000|114110000|200000000|311000000: 353792
100000000|101000000|110000000|301000000|302110000: 2107904
100000000|110000000|111110000|131110000|131111110|310000000: 1753088
100000000|101000000|110000000|111100000|310000000|311110000|321100000: 1052160
100000000|101000000|200000000|301000000|311101000: 512
100000000|101000000|110000000|111110000|131110000|200000000|310000000|311000000|311111000|313000000|313111000: 407808
324111100: 24576
234211000: 18432
100000000|110000000|111100000|111110000|112111000|200000000|223111000: 186624
332111110: 196608
110000000|111110000|200000000|233111000|332000000: 294912
311123110: 196608
100000000|101000000|110000000|111100000|200000000|301000000|301111000|310000000|311110000: 4096
100000000|101000000|110000000|111100000|200000000|310000000|311110000: 5184
100000000|101000000: 27898368
100000000|101000000|110000000|301000000: 5937024
323212000: 110592
100000000|101000000|301000000|301030000|311101000|311101030: 4096
100000000|101000000|110000000|111110000|241000000|241111000|310000000: 180224
100000000|101000000|110000000|134110000|200000000|301000000|310000000|311000000|311101000|311131000|331000000: 2048
100000000|101000000|110000000|200000000|301000000|301030000|303220000|310000000|311000000|331000000|332000000|433000000: 512
100000000|110000000|111100000|111111100|112111000: 5308416
100000000|110000000|111100000|200000000|310000000|311110000: 151808
100000000|101000000|110000000|200000000|301000000|310000000|311000000|321100000|412000000: 3840
100000000|110000000|111100000|111111100: 4393728
101000000|110000000|200000000|311122000: 196608
101000000|200000000|313120000: 1480704
100000000|101000000|110000000|111110000|301000000|312111100: 331776
100000000|101000000|110000000|301000000|301030000: 28416
100000000|101000000|110000000|111110000|142111000|241000000|301000000|301111000|301112110|310000000|311110000: 12288
110000000|200000000|311122000: 3331584
100000000|101000000|110000000|200000000|232000000|301000000|310000000|311000000|313000000|321100000|322000000|331000000|332000000|433000000: 128
100000000|101000000|110000000|111100000|141100000|301000000|310000000: 465920
342211000: 18432
101000000|200000000: 49501264
100000000|101000000|110000000|111100000|200000000|301000000|310000000|311000000|311110000|321100000|322000000|331000000|333100000: 2048
100000000|101000000|110000000|111110000|114110000|200000000|311000000: 172032
100000000|110000000|111110000|200000000|311000000|311111000|311122000|322000000|322111000: 221184
100000000|101000000|110000000|111110000|200000000|310000000|311000000|311111000|321100000|321111100: 393216
100000000|101000000|110000000|111110000|112311100|131110000|200000000|310000000|311000000|321100000: 196608
100000000|110000000|111110000|131111110|310000000: 442368
301013320: 24576
100000000|101000000|110000000|111100000|112111000|301000000|301111000|301112110: 147456
100000000|101000000|311101000|311111101: 32768
100000000|101000000|110000000|111100000|111111100|112111000|141111100|141211000|301111000|302110000|310000000: 82944
100000000|101000000|110000000|311101000|311212000: 2335872
100000000|101000000|110000000|111100000|111111100|301000000|301111000|301111111|302110000: 442368
100000000|101000000|110000000|200000000|301000000|311000000|312100000|412000000|423100000: 3072
100000000|111100000|111111100|200000000: 9216
100000000|110000000|111100000|112111000|142111000|241000000|310000000|311110000: 221184
100000000|101000000|110000000|111100000|112111000|200000000: 161280
142321000: 13824
311123200: 147456
100000000|111100000: 239616
324211000: 13824
110000000|111110000|114110000|200000000|311000000: 156672
100000000|101000000|110000000|111110000: 17493504
100000000|101000000|110000000|111110000|200000000|233111000|301000000|310000000|322000000|322111000|331000000|332000000: 2048
100000000|101000000|110000000|111100000|111110000|200000000|301000000|301111000|310000000|311110000: 8192
100000000|101000000|110000000|111110000|143110000|200000000|241000000|310000000|311000000|311111000|321100000: 12288
100000000|101000000|110000000|111100000|301111000|302110000|312211000|313210000: 49152
100000000|101000000|110000000|301000000|312100000|412000000|423100000: 58656
100000000|101000000|110000000|111110000|200000000|301000000|301111000|301111030|310000000|311000000|311110000|311111000|331000000|331111000: 65536
100000000|101000000|110000000|200000000|311000000|322000000: 768
302141110: 12288
100000000|101000000|110000000|111110000|114211000|141100000|301000000|310000000|311110000|311121100|321100000: 12288
100000000|101000000|110000000|200000000|241000000|301000000|302110000|310000000|311000000: 3072
100000000|101000000|110000000|111110000|141100000|200000000|301000000|301030000|301141000|310000000|311000000|311110000|311111000|331000000|331111000: 6144
100000000|101000000|110000000|111100000|141100000|141111100|301000000|301111000|301111111|310000000: 32768
100000000|101000000|110000000|111100000|301000000|301111000|302110000: 944640
442111000: 2304
311242000: 18432
312222100: 331776
100000000|101000000|110000000|200000000|310000000|311000000|321100000|322000000: 4608
100000000|101000000|110000000|200000000|241000000|301000000|310000000|311000000|331000000|412000000|442000000: 6272
100000000|101000000|110000000|111110000|114110000|131110000|134110000|200000000|301000000|301030000|310000000|311000000|331000000: 4096
223411000: 18432
100000000|101000000|110000000|111110000|131110000|131111110: 442368
100000000|101000000|110000000|111110000|200000000|311000000|311111000: 1469952
101000000|110000000|111110000|143110000|241000000|301000000|302110000|310000000|321100000|412000000|413110000: 384
100000000|101000000|110000000|111110000|114110000|200000000|301000000|301030000|301111000|301141000|310000000|311000000|311110000|313000000|314110000: 4096
331111111: 524288
100000000|101000000|110000000|111100000|111110000|112111000|200000000|224110000|301000000|310000000|322000000|331000000: 2048
100000000|101000000|110000000|141100000|144100000|200000000|301000000|310000000|311000000|311110000|313000000|314110000|331000000: 256
311111113: 262144
101000000|110000000|200000000|301000000|310000000|311000000|313000000|321100000|324100000|331000000|412000000|442000000: 240
100000000|110000000|200000000|310000000|311000000|313000000: 1298432
311114110: 65536
100000000|110000000|111100000|111110000|200000000|310000000|311110000: 83072
333111100: 98304
100000000|101000000|110000000|111100000|200000000|332000000: 3840
100000000|101000000|110000000|111100000|200000000|222200000|301000000|301111000|302110000|311000000: 6912
100000000|101000000|110000000|111100000|301000000|301111000|310000000|311110000: 102912
223311100: 147456
311112211: 1179648
144211000: 2304
100000000|110000000|111100000|111111100|112111000|200000000: 82944
100000000|101000000|110000000|200000000|232000000|311101000: 73728
100000000|101000000|110000000|111100000|111110000|111111100|114111100|301000000|311110000: 55296
100000000|101000000|110000000: 29131776
424120000: 1152
100000000|101000000|110000000|111100000|112111000: 10285056
434110000: 384
100000000|101000000|110000000|111100000|301111000|311212000|312211000: 110592
100000000|101000000|110000000|111100000|111110000|111111100|310000000|311110000|311111110|321100000: 884736
311223100: 147456
143211100: 12288
100000000|101000000|110000000|111100000|111110000|131110000|141100000|142210000|301000000|310000000|312100000: 124416
100000000|101000000|110000000|200000000|311000000|311101000|311102110: 196608
232222000: 248832
100000000|101000000|311101000: 1785344
100000000|101000000|111100000|111111100|301000000|301111000|301111111: 442368
100000000|101000000|110000000|200000000|301000000|310000000|311000000|322000000|331000000|332000000|433000000: 16512
100000000|110000000|310000000: 10213888
101000000|110000000: 161442336
100000000|101000000|110000000|111100000|111110000|112111000|311110000|311121100: 147456
222331000: 110592
113421100: 12288
311142100: 24576
100000000|101000000|110000000|200000000|301000000|310000000: 24192
233102110: 73728
100000000|101000000|233101000: 355456
100000000|101000000|110000000|111100000|111111100|141111100|301111000|310000000: 82944
100000000|101000000|110000000|200000000|301000000|310000000|331000000: 1526784
100000000|101000000|200000000|233101000: 3072
100000000: 13962960
100000000|110000000|111100000|111110000|112111000|200000000|222200000|222311000|311000000|311111000: 13824
100000000|101000000|110000000|111100000|200000000|232000000|233110000|311000000: 656384
100000000|101000000|110000000|200000000|301000000|302110000|310000000|311000000|311122000|321100000|331000000|332110000: 12288
100000000|101000000|301000000|301030000: 335616
200000000|222200000|222220000: 3359232
122421100: 27648
332320000: 18432
100000000|110000000|200000000|241000000|310000000|311000000: 127488
110000000|200000000: 11995376
100000000|101000000|110000000|111100000|310000000|311110000: 1523712
100000000|101000000|110000000|111100000|200000000|233110000|311000000: 6912
100000000|101000000|110000000|200000000|234100000|311000000|322000000: 88064
100000000|101000000|110000000|310000000|321100000: 6778880
100000000|111100000|200000000: 365312
100000000|101000000|110000000|111100000|112111000|200000000|301000000|301111000|412000000|412111000: 2304
100000000|101000000|110000000|111100000|200000000|301000000|301111000|310000000|311000000|311110000|331000000|331111000: 591872
343210000: 3072
100000000|101000000|110000000|111100000|200000000|222200000|311000000: 3840
323111110: 196608
314121100: 24576
100000000|101000000|110000000|111100000|111111100|301000000|301111000|301111111: 196608
100000000|101000000|110000000|241000000|310000000|311101000|311102110: 12288
100000000|101000000|110000000|200000000|234100000|310000000|311000000|332000000|332200000: 48
100000000|101000000|110000000|111100000|111110000|112111000|142111000|143110000|311110000|321100000: 13824
100000000|101000000|110000000|114110000|134110000|200000000|301000000|310000000|311000000|311111000|313000000|313111000|331000000: 6144
433111000: 4096
100000000|101000000|301000000|311101000: 63872
314111110: 65536
100000000|101000000|110000000|111100000|200000000|222200000|301000000|310000000|311000000|322000000|332000000|333100000|433000000: 640
100000000|110000000|131110000|200000000|310000000: 43776
100000000|101000000|110000000|111100000|111110000|111111100|112111000|114111100|114211000|301000000|311110000|321100000: 55296
311212030: 147456
100000000|101000000|110000000|111110000|301000000|302110000|302111110: 665600
100000000|101000000|110000000|111100000|301000000|301111000|311101000|312100000|312211000: 2456064
101000000|110000000|200000000|241000000|301000000|302110000|310000000|311000000|313000000|324100000|331000000|332110000: 3072
100000000|101000000|110000000|233101000|310000000: 36864
114231100: 12288
333130000: 10240
100000000|110000000|111110000|200000000|311000000|311111000: 2767872
100000000|101000000|110000000|200000000|310000000|311000000|321100000|322000000|323110000: 12288
100000000|101000000|233101000|301000000: 3072
100000000|101000000|110000000|111110000|200000000|224110000|322000000: 67584
101000000|110000000|232120000: 3142656
100000000|110000000|111100000|111110000|111111100|310000000|311111110: 884736
133411000: 4096
100000000|101000000|110000000|200000000|301000000|310000000|311122000|331000000: 32768
100000000|101000000|110000000|111100000|301000000|301111000|301111030|302110000: 55296
100000000|101000000|110000000|111100000|111110000|141100000|200000000|301000000|310000000|311110000: 768
312211030: 147456
100000000|110000000|111100000|111110000|200000000|310000000|311000000|311110000|311111000|311113000: 630784
100000000|101000000|110000000|111110000|200000000|301000000|302110000|302111110|311000000|311111000: 196608
100000000|101000000|200000000|311111101: 32768
100000000|101000000|110000000|301000000|310000000|321100000|412000000: 86192
313211110: 196608
100000000|110000000|131110000|310000000: 2117760
100000000|101000000|110000000|111100000|111111100|114111100|141100000|200000000|301000000|310000000|311110000: 6144
332113000: 36864
311111122: 1179648
100000000|101000000|110000000|111100000|200000000|301111000|302110000|332000000: 18432
100000000|110000000|111100000|111110000|112111000|142111000|241000000|310000000|311110000: 12288
100000000|101000000|110000000|111100000|111110000|310000000|311110000: 2481600
212321110: 442368
101000000|110000000|111110000|200000000|311000000|311111000: 4386816
301113220: 147456
144111100: 6144
100000000|101000000|110000000|111100000|141100000|144100000|200000000|301000000|310000000|311000000|332000000|333100000|433000000: 32
101000000|110000000|200000000|301000000|301030000|310000000|311000000|321100000|331000000|332110000|412000000|412030000: 3072
100000000|110000000|111100000|111110000|200000000|222200000|310000000|311000000|311110000: 5184
100000000|110000000|111100000|111110000|111111100|200000000|310000000|311110000|311111110: 196608
114311110: 32768
100000000|101000000|110000000|111100000|111110000|111111100|114111100|141100000|200000000|301000000|310000000|311110000: 12288
242311000: 13824
100000000|101000000|110000000|111100000|141100000|200000000|232000000|233110000|301000000|310000000|311000000|311110000|313000000|314110000: 256
100000000|110000000|111110000|200000000|241000000|241111000|310000000|311000000|311111000: 36864
223111111: 1179648
100000000|101000000|110000000|111100000|111110000|111311110|112311100|311110000|321100000: 442368
100000000|101000000|111100000|111111100|200000000|301000000|301111000|301111111: 98304
100000000|101000000|110000000|111110000|141100000|200000000|301000000|310000000|311000000|311110000|311111000|311113000|313000000|314110000: 2048
100000000|101000000|111100000: 10819584
100000000|101000000|110000000|111100000|112111000|200000000|310000000|311110000|311121100: 12288
101000000|110000000|200000000|311000000|312130000|323200000: 11520
100000000|101000000|110000000|311101000|311102110: 218112
100000000|101000000|110000000|200000000|311000000|322000000|323110000: 745472
100000000|110000000|111110000|241000000|241111000|310000000: 321024
100000000|101000000|110000000|111100000|112111000|114211000|141100000|301000000|310000000|321100000: 482304
100000000|101000000|110000000|311101000: 1370112
100000000|101000000|110000000|111100000|200000000|301000000|301111000: 13056
100000000|101000000|110000000|200000000|301000000|301030000|303220000|310000000|311000000|322000000|331000000: 128
100000000|101000000|110000000|111100000|111111100|141100000|141111100|200000000|301000000|301111000|310000000: 18432
100000000|101000000|301000000|311101000|311101030: 150528
100000000|101000000|110000000|111110000|131110000|310000000: 4253568
100000000|101000000|110000000|200000000|301000000|310000000|311000000|313000000|331000000: 371552
100000000|110000000|111100000|111110000|111111100|112111000: 1368576
100000000|101000000|110000000|114110000|141100000|200000000|301000000|310000000|311000000|311110000|311111000|311113000|313000000|314110000: 2048
100000000|101000000|110000000|111100000|111110000|200000000|310000000|311000000|311110000|311111000|311113000: 30720
100000000|101000000|110000000|111100000|301000000|301111000|301111030: 12288
311332000: 49152
100000000|101000000|110000000|200000000|310000000|321100000|322000000: 165936
100000000|101000000|110000000|301000000|301111000|310000000|311110000|311121100|412000000|412111000: 12288
100000000|101000000|110000000|141100000|144100000|200000000|301000000|301030000|301111000|301141000|310000000|311000000|331000000: 512
100000000|101000000|110000000|111100000|111111100|301000000|301111111: 442368
100000000|101000000|110000000|131110000|241000000|242110000|310000000: 115488
110000000: 107144544
224111110: 73728
100000000|110000000|111100000|111110000|112111000|142111000|311110000: 31104
100000000|101000000|110000000|114211000|141100000|301000000|301111000|310000000|321100000|412000000|412111000: 2304
101000000|110000000|111110000|200000000|321100000|321111100|322000000|322111000: 73728
311111131: 524288
144310000: 384
100000000|101000000|110000000|200000000|301000000|302110000|303220000|322000000: 298272
100000000|101000000|110000000|200000000|301000000|310000000|311000000|312100000|331000000|342100000: 99840
134311000: 6144
311103220: 147456
314221000: 13824
100000000|101000000|110000000|111100000|111111100|112111000|301111000|301111111: 442368
100000000|101000000|301000000: 6567464
100000000|101000000|110000000|200000000|301000000|301030000|302110000|311000000|412000000|412030000: 3072
100000000|101000000|110000000|111100000|141100000|144100000|200000000|301000000|310000000|311000000|322000000|331000000|332000000|433000000: 8
134111110: 32768
100000000|110000000|111110000: 13312256
323221000: 82944
100000000|101000000|110000000|200000000|234100000|311000000|322000000|323110000: 3072
100000000|101000000|110000000|131110000|232120000|242110000: 1728
100000000|101000000|110000000|111110000|131110000|301000000|310000000: 485376
100000000|101000000|110000000|301000000|311101000|311101030: 12288
100000000|110000000|111100000|111110000|112111000|200000000|222200000|311000000|311111000: 497664
223112110: 442368
100000000|110000000|111100000|111110000|111311110|131110000|200000000|310000000|311110000: 65536
100000000|101000000|200000000|232000000: 5806080
412011130: 12288
100000000|101000000|110000000|111110000|114110000|200000000|301000000|302110000|302111110|311000000: 12288
100000000|110000000|111100000|200000000|223111000|224110000: 10368
101000000|110000000|200000000|222200000: 89856
100000000|110000000|111110000|114110000|200000000|224110000|311000000|311111000|322000000|322111000: 13824
110000000|111110000: 6241536
100000000|101000000|110000000|111100000|111110000|111311110|131110000|141100000|301000000|310000000|311110000: 32768
101000000|110000000|200000000: 3042560
101000000|110000000|111110000: 17286912
100000000|101000000|110000000|111100000|111110000|200000000|222200000|310000000|311000000|311110000|321100000: 5184
100000000|101000000|110000000|111100000|112111000|200000000|301000000|301111000|311000000|412000000|412111000: 36864
114131110: 32768
100000000|101000000|110000000|111100000|200000000|222200000|301000000|301111000|311000000: 6912
301141111: 32768
100000000|110000000|111100000|200000000|332000000: 261120
100000000|110000000|111100000|112111000|200000000|223111000|311000000|322000000: 221184
100000000|101000000|110000000|111100000|111110000|112111000|200000000|310000000|311000000|311110000|311121100: 196608
311101141: 32768
413140000: 192
312111130: 393216
143311000: 4096
101000000|110000000|200000000|232120000|313120000: 768
100000000|101000000|110000000|301000000|312100000: 5094912
100000000|101000000|111100000|200000000|311101000|311101111: 65536
100000000|101000000|110000000|111100000|141100000|301000000|310000000|311110000: 76064
100000000|101000000|110000000|111100000|111111100|112111000|301000000|301111111|301112110: 442368
100000000|101000000|110000000|111110000|131110000|131111110|310000000: 442368
100000000|101000000|110000000|111100000|112111000|200000000|310000000|311000000|311110000|311121100: 196608
233212000: 110592
100000000|110000000|200000000|310000000: 355456
142411000: 2304
303231100: 24576
100000000|101000000|110000000|141100000|141211000|142111000|241000000|301000000|302110000|310000000|311110000: 768
443110000: 384
122411110: 73728
100000000|101000000|110000000|200000000|301000000|301030000|310000000|311000000|331000000: 238384
100000000|110000000|241000000|310000000: 453120
312141100: 24576
100000000|101000000|110000000|111100000|111110000|141100000|141111100|301000000|301111000|310000000|311110000|311111110: 65536
100000000|101000000|110000000|301000000|310000000|311101000: 6144
100000000|101000000|110000000|111110000|131110000|241000000|242110000|301000000|302110000|310000000: 9216
100000000|101000000|110000000|111100000|112111000|141100000|141211000|301000000|302110000|310000000: 454656
100000000|101000000|200000000|301000000: 234064
100000000|101000000|110000000|200000000|241000000|301000000|310000000|331000000|412000000|442000000: 2544
100000000|101000000|110000000|111100000|111111100|112111000|114111100|114211000|301000000|311110000|321100000: 27648
100000000|101000000|110000000|200000000|301000000|301030000|301111000|301141000|310000000|311000000|311110000|313000000|314110000: 2048
100000000|101000000|110000000|111110000|131110000|241000000|242110000|310000000: 170976
100000000|101000000|111100000|111111100: 3317760
422212000: 31104
100000000|110000000|111100000|111110000|111111100|310000000|311110000|311111110: 196608
100000000|101000000|233101000|311101000: 512
100000000|101000000|110000000|111100000|200000000|232120000|311110000|321100000|332000000: 9216
232231000: 82944
100000000|101000000|110000000|111100000|111110000|200000000|301000000|301111000|310000000|311000000|311110000|311111000|331000000|331111000: 523008
131114110: 32768
100000000|101000000|110000000|111100000|111110000|200000000|310000000|311000000|311110000|311111000|311113000|321100000: 110592
100000000|101000000|110000000|111100000|112111000|141100000|141211000|200000000|301000000|302110000|310000000|311000000: 36864
100000000|101000000|110000000|131110000|310000000: 2356224
100000000|101000000|110000000|111110000|200000000|322000000|322111000: 897024
100000000|101000000|110000000|111100000|141100000|200000000|301000000|310000000: 29520
100000000|101000000|110000000|111100000|200000000|241000000|301000000|310000000|311000000|332000000|333100000|412000000|442000000: 240
142211110: 73728
100000000|101000000|111100000|311101000|311101111: 581632
100000000|101000000|110000000|200000000|232000000|310000000|311000000|313000000: 16256
100000000|110000000|111100000|112111000|200000000|223111000|322000000: 1857024
233111101: 196608
224311000: 9216
313222000: 110592
100000000|110000000|111110000|200000000|322000000|322111000: 1999872
110000000|111110000|200000000|311000000|311111000: 5517312
100000000|101000000|110000000|111100000|200000000|301000000|301111000|302110000|303220000|310000000|322000000|331000000: 2048
100000000|101000000|110000000|111110000|143110000|241000000|310000000|321100000: 114688
100000000|101000000|110000000|310000000|311101000: 322048
100000000|101000000|110000000|111100000|111110000|111111100|112111000|310000000|311111110|311121100: 884736
100000000|101000000|110000000|111100000|141100000|301000000|310000000|311101000|311101111: 32768
100000000|110000000|111100000|111110000|112111000|142111000|200000000|241000000|310000000|311110000: 1536
222231100: 331776
100000000|101000000|110000000|111110000|141100000|301000000|301111000|310000000|311110000: 4096
224410000: 1152
101000000|200000000|222200000: 1437696
100000000|101000000|110000000|111110000|214111000|301000000|310000000|321100000|321111100|412000000: 24576
100000000|101000000|110000000|111100000|112111000|200000000|301000000|301111000|301112110|311000000: 196608
110000000|111110000|200000000|311000000|332000000|333110000: 73728
100000000|110000000|111100000|112111000: 3244032
100000000|101000000|110000000|111100000|111111100|112111000|200000000|223111000|301000000|310000000|322000000|331000000: 32768
200000000|222200000: 8211456
100000000|101000000|111100000|111111100|200000000: 377856
100000000|101000000|110000000|111100000|200000000: 4608
100000000|101000000|200000000|301000000|311101000|311101030: 4096
100000000|101000000|110000000|111100000|200000000|301000000|301111000|311101000|312100000|312211000: 18432
100000000|101000000|110000000|111100000|131110000|141100000|142210000|301000000|310000000|311110000|312100000: 288
100000000|110000000|111110000|131110000|200000000|310000000: 55552
100000000|101000000|110000000|200000000|232000000: 39936
100000000|101000000|110000000|311101000|311112100: 1099776
324220000: 8640
100000000|101000000|110000000|111100000|111110000|200000000|223111000|301000000|301111000|310000000|311000000|311110000|311111000|322000000|331000000|331111000: 2048
311132200: 221184
100000000|101000000|110000000|111100000|111110000|131110000|141100000|142210000|301000000|301111000|310000000|312100000: 9216
100000000|101000000|110000000|200000000|310000000|311101000: 6144
100000000|101000000|111100000|200000000: 336384
100000000|101000000|110000000|111100000|311101111: 442368
233111110: 393216
100000000|101000000|110000000|200000000|301000000|302110000|311000000|312100000|313210000: 49152
100000000|101000000|110000000|111100000|111110000|112111000|310000000|311110000|311121100: 175104
423211000: 13824
100000000|101000000|110000000|111110000|200000000|301000000|301111000|310000000|311000000|311110000|311111000|311113000|331000000|331111000: 65536
100000000|101000000|110000000|111110000|131110000|200000000|310000000: 29760
100000000|101000000|110000000|301000000|302110000|311101000|311102110: 12288
100000000|101000000|110000000|111100000|111110000|131110000|141100000|142210000|200000000|301000000|310000000|312100000: 864
333211000: 36864
100000000|101000000|110000000|111100000|111110000|112111000: 3267072
100000000|101000000|110000000|111100000|141100000|200000000|301000000|310000000|311000000|311110000|313000000|314110000: 76032
100000000|101000000|110000000|111100000|111110000|111311110|131110000: 442368
100000000|101000000|110000000|301000000|301030000|302110000|412000000|412030000: 47744
313131100: 65536
100000000|101000000|110000000|141100000|301000000|301111000|310000000|311110000: 2048
311131111: 524288
100000000|101000000|110000000|200000000|301000000|301111000|310000000|311000000|311110000|311111000|311113000|331000000|331111000: 32768
101000000: 170946032
100000000|101000000|110000000|111110000|301000000|302111110: 165888
100000000|101000000|110000000|111100000|111110000|114111100|141100000|301000000|310000000|311110000|311111110: 65536
100000000|110000000|111110000|241111000|310000000: 31104
110000000|200000000|222200000|222220000: 165888
100000000|101000000|110000000|111100000|200000000|301000000|301030000|301111000|310000000|311000000|322000000|331000000|333100000: 8192
243111100: 24576
312241000: 18432
100000000|101000000|110000000|200000000|311000000|311101000|311212000: 18432
312211111: 1179648
100000000|101000000|110000000|111100000|111110000|141100000|301000000|310000000|311110000: 54016
423130000: 3072
100000000|101000000|110000000|200000000|310000000: 1728
100000000|101000000|110000000|111100000|112111000|114211000|141100000|200000000|301000000|310000000|321100000: 2304
100000000|101000000|110000000|111100000|111111100|141100000|141111100|301000000|301111000|310000000: 540672
100000000|101000000|110000000|111100000|111110000|301000000|301111000|310000000|311110000: 99328
100000000|101000000|110000000|131110000|134110000|200000000|301000000|310000000|311000000|331000000: 55936
100000000|101000000|110000000|111100000|200000000|222200000|310000000|311000000|311110000|321100000: 3456
100000000|101000000|110000000|111100000|111110000|112111000|301111000|412111000: 31104
100000000|101000000|110000000|111100000|111110000|301000000|301111000|310000000|311110000|321100000: 55296
100000000|110000000|111100000|111110000|112111000|200000000|223111000|224110000: 31104
100000000|101000000|311111101: 1974272
100000000|101000000|110000000|111100000|111110000|200000000|310000000|311110000: 26976
100000000|101000000|110000000|111110000|112311100|131110000|310000000|321100000: 479232
112421110: 73728
100000000|101000000|110000000|111110000|131110000|232120000|242110000: 5184
100000000|110000000|200000000|224110000|322000000: 87552
100000000|101000000|110000000|114211000|141100000|301000000|310000000|311110000|311121100|321100000: 12288
100000000|101000000|110000000|200000000|241000000|310000000|311000000|313000000|313120000|321100000|324100000: 3840
334111000: 6144
100000000|101000000|110000000|111110000|114110000|141100000|144100000|200000000|301000000|310000000|311000000|311110000|313000000|314110000|331000000: 384
141114100: 3072
100000000|101000000|110000000|111100000|200000000|301111000|302110000|311000000|311110000|321100000|331111000|332110000: 27648
100000000|101000000|110000000|200000000|234100000|310000000|311000000|321100000|332000000|332200000: 192
113231110: 196608
100000000|101000000|110000000|111100000|111110000|200000000|301111000|302110000|311000000|311110000|311111000|321100000|331111000|332110000: 82944
333220000: 23040
100000000|110000000|111110000|131110000|200000000|310000000|311000000|311111000|313000000|313111000: 888832
100000000|101000000|200000000|311101000: 62592
100000000|101000000|110000000|301000000|310000000|312100000: 103728
100000000|101000000|110000000|111100000|200000000|301000000|310000000|311000000|322000000|331000000|333100000: 164736
100000000|101000000|110000000|200000000|301000000|310000000|311000000|331000000: 1966656
100000000|110000000|111100000|112111000|142111000|200000000|241000000|310000000|311110000: 768
100000000|110000000|111110000|114110000|200000000|241000000|241111000|310000000|311000000: 2304
100000000|101000000|110000000|111110000|301000000|301111000|310000000|311110000|311121100|412000000|412111000: 12288
334210000: 3072
100000000|101000000|110000000|111100000|311101111|311102110: 442368
234111100: 24576
101000000|110000000|200000000|311000000: 27301632
133311100: 65536
100000000|101000000|110000000|301000000|310000000: 1582848
100000000|110000000|111100000|111111100|200000000|222200000|311000000: 82944
100000000|110000000|200000000|222200000|222311000|311000000: 497664
110000000|200000000|222200000: 663552
100000000|101000000|110000000|111100000|112111000|114211000|141100000|200000000|301000000|310000000|311000000|321100000: 36864
110000000|111110000|114110000|200000000|311000000|311111000: 73728
100000000|101000000|110000000|111100000|111110000|114110000|141100000|200000000|232000000|233110000|301000000|310000000|311000000|311110000|313000000|314110000: 384
100000000|101000000|110000000|200000000|301000000|310000000|311000000|312100000|313000000|331000000|342100000: 240
100000000|101000000|110000000|301000000|412000000: 519680
343120000: 3072
100000000|110000000|111100000|111110000|112111000: 5437440
100000000|110000000|111100000|111110000|310000000|311110000: 673920
100000000|110000000|111110000|200000000|233111000|332000000: 221184
100000000|101000000|110000000|114111100|141100000|141111100|301000000|301111000|310000000|311110000: 2048
100000000|110000000|111100000|111110000|111311110|131110000|310000000|311110000: 1245184
314320000: 3840
100000000|101000000|110000000|111110000|131110000|200000000|301000000|310000000: 4096
100000000|101000000|110000000|111100000|111110000|200000000|301111000|311110000|311111000|331111000: 82944
311132110: 196608
114321100: 12288
100000000|101000000|110000000|111110000|310000000|321100000|321111100: 2699264
100000000|101000000|110000000|200000000|301000000|310000000|311000000|311101000|311101030|331000000: 65536
110000000|200000000|222200000|311000000|332000000: 92160
100000000|101000000|110000000|200000000|310000000|311000000|313000000: 33744
100000000|101000000|110000000|111100000|301000000|301111000|310000000|311101000|311110000|312100000|312211000: 73728
101000000|110000000|111110000|114110000|200000000|311000000: 202752
132411100: 12288
424210000: 864
303331000: 6144
434200000: 192
100000000|101000000|110000000|111100000|131110000|134110000|200000000|234100000|301000000|310000000|311000000|322000000|331000000: 128
100000000|101000000|110000000|111100000|112111000|310000000|311110000|311121100: 1477632
100000000|101000000|110000000|200000000|310000000|311000000|321100000|322000000|332000000|332200000: 18432
100000000|110000000|200000000|311000000|322000000: 253440
311212111: 1179648
100000000|110000000: 9504000
100000000|101000000|110000000|111110000|214111000|301000000|412000000: 513536
100000000|101000000|110000000|111100000|200000000|223111000|322000000: 165888
100000000|101000000|110000000|200000000|301000000|301030000|311000000|312100000|312130000: 725760
100000000|101000000|110000000|111100000|111110000|111111100|310000000|311110000|311111110: 2211840
100000000|101000000|110000000|200000000|301000000|302110000|303220000|311000000|322000000: 18432
100000000|101000000|110000000|141100000|200000000|301000000|301111000|310000000|311000000|313000000|314110000|331000000|331111000: 2048
100000000|101000000|110000000|111100000|111110000|111311110|131110000|310000000|311110000: 73728
100000000|101000000|110000000|310000000: 3346560
100000000|101000000|110000000|200000000|310000000|311000000|321100000: 1216256
311133100: 65536
100000000|101000000|110000000|200000000|232000000|301000000|312100000|323200000: 609072
313231000: 36864
303221110: 73728
100000000|110000000|111100000|310000000|311110000: 2202624
101000000|110000000|200000000|301000000|301030000|310000000|311000000|313000000|331000000: 5120
100000000|101000000|110000000|141100000|200000000|301000000|301030000|301141000|310000000|311000000|311110000|331000000|331111000: 2048
100000000|101000000|110000000|200000000|311000000|311212000|322000000|323110000: 49152
100000000|110000000|111110000|200000000|224110000|322000000: 175104
100000000|101000000|110000000|233101000: 147456
100000000|101000000|110000000|301000000|310000000|312100000|321100000|412000000|423100000: 192
100000000|101000000|110000000|111100000|112111000|200000000|223111000|322000000: 528384
100000000|101000000|110000000|200000000|224110000|322000000: 27648
100000000|101000000|110000000|111100000|111110000|131110000|141100000|142210000|301000000|310000000|311110000|312100000: 864
100000000|101000000|301000000|311111101: 32768
311113120: 393216
142311100: 12288
100000000|110000000|111100000|112111000|200000000: 233472
312232000: 110592
100000000|101000000|110000000|111110000|310000000|321111100: 331776
100000000|101000000|111100000|301000000|301111000|311101000|311101111: 32768
332211100: 73728
100000000|101000000|110000000|111100000|141100000|144100000|200000000|301000000|310000000|311000000|322000000|331000000|332000000|333100000: 8
124411000: 1536
143410000: 192
101000000|110000000|200000000|313120000: 45344
342111100: 24576
100000000|101000000|110000000|131110000|200000000|310000000: 14016
412111030: 12288
100000000|101000000|110000000|131110000|200000000|311000000|311101000|311131000: 27648
100000000|101000000|110000000|111100000|111110000|111111100|114111100|141100000|301000000|310000000|311110000: 417792
110000000|200000000|222200000|222311000|311000000: 663552
100000000|101000000|110000000|111110000|131110000|200000000|310000000|311000000|311101000|311111000|311131000: 429568
100000000|101000000|110000000|111100000|141100000|301000000|301111000|310000000: 68864
100000000|101000000|110000000|200000000|232000000|301000000|310000000|311000000|313000000|322000000|323200000|331000000|332000000|332200000: 128
100000000|101000000|110000000|111100000|141100000|301000000|301030000|301111000|301141000|310000000: 64256
100000000|101000000|110000000|241000000|301000000|302110000|310000000: 52352
200000000: 105747408
100000000|101000000|110000000|111110000|301000000|302110000|412000000|413110000: 102400
100000000|110000000|111100000|111111100|200000000: 476160
323311000: 49152
101000000|110000000|200000000|241000000|301000000|301030000|302110000|310000000|311000000|331000000|412030000|442000000: 192
100000000|101000000|110000000|111110000|114110000|200000000|310000000|311000000|321100000|321111100: 24576
100000000|110000000|111100000: 5078016
242211100: 55296
100000000|110000000|111100000|111110000|112111000|142111000|200000000|241000000|310000000|311000000|311110000: 24576
142221100: 82944
412141000: 2304
100000000|101000000|110000000|200000000|232000000|243100000|301000000|412000000: 48
100000000|101000000|110000000|111100000|141100000|200000000|301000000|310000000|311110000: 512
100000000|101000000|110000000|200000000|322000000: 249600
100000000|101000000|110000000|111100000|111110000|310000000|311110000|321100000: 808704
100000000|101000000|110000000|200000000|301000000|303220000|322000000: 170496
100000000|101000000|110000000|111100000|111111100|112111000: 3096576
100000000|110000000|111110000|131110000|310000000: 1360256
100000000|101000000|110000000|111100000|111110000|112111000|311110000|311121100|321100000|321111100: 331776
110000000|200000000|222200000|311000000: 663552
100000000|101000000|110000000|111100000|200000000|301000000|310000000|322000000|331000000: 71680
100000000|101000000|110000000|111100000|111110000|112111000|142111000|241000000|310000000|311110000: 202752
343300000: 512
100000000|101000000|110000000|111110000|112311100|131110000: 165888
101000000|110000000|200000000|222200000|222311000|311000000: 4608
100000000|101000000|110000000|111100000|200000000|233110000|243100000: 288
100000000|101000000|110000000|200000000|310000000|322000000|332000000|332200000: 165888
100000000|101000000|110000000|111100000|111111100|114111100|141100000|301000000|310000000|311110000: 196608
100000000|110000000|111100000|111110000|111311110|311110000: 442368
100000000|101000000|110000000|200000000|232000000|243100000|311000000|313120000: 3840
313221100: 147456
414220000: 1152
100000000|101000000|110000000|111110000|141100000|141211000|142111000|241000000|301000000|302110000|310000000|311110000: 1536
100000000|110000000|111100000|111111100|112111000|200000000|332000000: 221184
100000000|101000000|110000000|111100000|111110000|301000000|301111000|302110000|310000000|311110000: 55296
100000000|101000000|110000000|111110000|301000000|312100000|312111100: 2519040
100000000|110000000|111110000|200000000|224110000|311000000|311111000|311122000|322000000: 13824
100000000|101000000|110000000|111100000|141100000|200000000|301000000|301111000|310000000: 1024
113331100: 49152
100000000|101000000|110000000|200000000|241000000|310000000|311000000|313000000|321100000|324100000: 90752
100000000|101000000|110000000|200000000|301000000|301030000|310000000|311000000|312100000|312130000|331000000|342100000: 3840
100000000|101000000|110000000|114110000|141100000|200000000|301000000|301111000|310000000|311000000|311111000|313000000|314110000|331000000|331111000: 6144
100000000|101000000|110000000|241000000|310000000: 122144
100000000|101000000|110000000|111100000|111110000|114111100|141100000|301000000|301111000|301111111|310000000|311110000: 32768
100000000|101000000|110000000|111100000|141100000|144100000|200000000|301000000|310000000|311000000|331000000: 7680
100000000|101000000|110000000|111100000|200000000|241000000|301000000|310000000|311000000|322000000|331000000|332000000|412000000|442000000: 48
301111141: 32768
100000000|101000000|110000000|111110000|114110000|200000000|214111000|301000000|311000000|412000000: 2304
100000000|101000000|110000000|111100000|111110000|112111000|301111000|302110000|412111000|413110000: 13824
100000000|101000000|110000000|111100000|200000000|232000000|233110000: 430848
233122000: 110592
100000000|101000000|110000000|131110000|200000000|310000000|311000000|311101000|311131000: 645632
242212000: 41472
312212110: 442368
100000000|101000000|110000000|200000000|301000000|302110000|310000000|311000000|321100000|331000000|332110000: 934016
114141100: 3072
100000000|101000000|110000000|111110000|200000000|214111000|301000000|311000000|311111000|412000000: 36864
100000000|101000000|110000000|111100000|301000000|301111000|302110000|310000000|311110000: 27648
100000000|101000000|110000000|111100000|111110000|112111000|200000000|310000000|311110000|311121100: 12288
423111100: 12288
100000000|101000000|110000000|111100000|131110000|200000000|301000000|310000000|311110000|321100000|322000000|331000000|332000000|332200000: 2048
100000000|101000000|110000000|111100000: 3826176
100000000|101000000|110000000|111110000|114111100|141100000|141111100|301000000|301111000|310000000|311110000: 4096
101000000|110000000|200000000|222200000|242200000|311000000: 242880
100000000|101000000|110000000|131110000|134110000|200000000|301000000|310000000|311000000|322000000|323110000|331000000|332000000: 128
233112100: 147456
223141000: 18432
100000000|101000000|200000000|301000000|301030000: 7808
100000000|101000000|111100000|200000000|301000000|301111000|301111030: 4096
100000000|101000000|110000000|111100000|141100000|200000000|301000000|301030000|301111000|301141000|310000000: 1024
101000000|110000000|200000000|332000000: 308640
100000000|101000000|110000000|200000000|310000000|321100000|322000000|332000000|332200000: 362784
100000000|110000000|111100000|111111100|112111000|200000000|222200000|311000000: 82944
100000000|101000000|110000000|131110000|200000000|241000000|242110000|310000000|311000000: 288
100000000|110000000|111110000|200000000|311000000|332000000|333110000: 36864
244111000: 2304
1100028704
